
[SOLUTION]
RELAX-OBJ=4216.7
INT-OBJ=4226.679999999702
GAP=0.2366779708619389
WAVELENGTH=160
COST-BY-RATE-10=280.9200000000001
COUNT-BY-RATE-10=96
COST-BY-RATE-40=288.36
COUNT-BY-RATE-40=32
COST-BY-RATE-100=3657.399999999999
COUNT-BY-RATE-100=242
COST-2D-RATE-10-TR-750=0
COUNT-2D-RATE-10-TR-750=0
COST-2D-RATE-10-TR-1500=75
COUNT-2D-RATE-10-TR-1500=30
COST-2D-RATE-10-TR-3000=205.92
COUNT-2D-RATE-10-TR-3000=66
COST-2D-RATE-40-TR-750=0
COUNT-2D-RATE-40-TR-750=0
COST-2D-RATE-40-TR-1500=45
COUNT-2D-RATE-40-TR-1500=6
COST-2D-RATE-40-TR-3000=243.36
COUNT-2D-RATE-40-TR-3000=26
COST-2D-RATE-100-TR-750=0
COUNT-2D-RATE-100-TR-750=0
COST-2D-RATE-100-TR-1500=475
COUNT-2D-RATE-100-TR-1500=38
COST-2D-RATE-100-TR-3000=3182.399999999999
COUNT-2D-RATE-100-TR-3000=204
[RUNTIME-ROOT]
CALL=1
TOTALTIME=0
[RUNTIME-KPATH]
CALL=30
TOTALTIME=0
[RUNTIME-RELAXMASTER]
CALL=95
TOTALTIME=0
[RUNTIME-FINALMASTER]
CALL=1
TOTALTIME=0
[RUNTIME-SINGLEPRICE]
CALL=94
TOTALTIME=0
[RUNTIME-MULTIPRICE]
CALL=8460
TOTALTIME=0
[RUNTIME]
TOTALTIME=88