
[INPUT]
STARTCAP=717
ELINK=86
LLINK=240
NFAILURE=43
[ADD-ROUTE]
GAP=1.511793022642915e-14
ADD-CAP=47
ADD-ROUTING=6.555090655509066
[PROTECTION]
MAX-PROTECT-FL=10320
GAP=0
SPARE=899
WORK=727
REDUNDANCY=1.236588720770289
ADD-PROTECT=864
ADD-PROTECT-PERCENT=120.5020920502092
FAIL-PER-LINK=0
NCONNECT-ISSUES=0
ADD-ROUTING=47