
[INPUT]
STARTCAP=567
ELINK=86
LLINK=180
NFAILURE=65
[ADD-ROUTE]
GAP=0
ADD-CAP=14
ADD-ROUTING=2.469135802469136
[PROTECTION]
MAX-PROTECT-FL=11695
GAP=500000000
SPARE=938
WORK=543
REDUNDANCY=1.72744014732965
ADD-PROTECT=902
ADD-PROTECT-PERCENT=159.0828924162257
FAIL-PER-LINK=1
NCONNECT-ISSUES=2.777777777777778
ADD-ROUTING=14