
[INPUT]
STARTCAP=717
ELINK=86
LLINK=240
NFAILURE=58
[ADD-ROUTE]
GAP=0
ADD-CAP=47
ADD-ROUTING=6.555090655509066
[PROTECTION]
MAX-PROTECT-FL=13920
GAP=0
SPARE=1338
WORK=724
REDUNDANCY=1.848066298342542
ADD-PROTECT=1301
ADD-PROTECT-PERCENT=181.4504881450488
FAIL-PER-LINK=0
NCONNECT-ISSUES=0
ADD-ROUTING=47