
[MAX-ROUTING]
ROUTED-LOGICAL-LINK=222
GAP=0
[ADD-ROUTE]
GAP=2.537652582399418e-14
ADD-CAP=56
ADD-ROUTING=7.810320781032078
[PROTECTION]
MAX-PROTECT-FL=13870
GAP=5000000000
[RESULT]
NEDGE=240
TOTALFL=50
NCONNECT-ISSUES=18.33333333333333
FAIL-PER-LINK=1.136363636363636
ADD-PROTECT=1187.587168758717
PROTECT-RATIO=11.94560669456067
CONFIG-GENERATE=1409
CONFIG-SELECT=240
ZILP=716.9999999999998
GAP=0.5610098168849473
MEAN-RESERVE=8.337209302325581
STD-RESERVE=7.698701891660545
NWAVE=35
AVE-WAVE=8.337209302325581
STD-WAVE=7.698701891660545
[RUNTIME-ROOT]
CALL=1
TOTALTIME=1
[RUNTIME-RELAX-ROUTE]
CALL=9
TOTALTIME=5
[RUNTIME-PRICE-ROUTE]
CALL=9
TOTALTIME=5
[RUNTIME-ROUTE]
CALL=1
TOTALTIME=1
[RUNTIME-RELAX-ADD-ROUTE]
CALL=3
TOTALTIME=3
[RUNTIME-PRICE-ADD-ROUTE]
CALL=3
TOTALTIME=3
[RUNTIME-ADD-ROUTE]
CALL=1
TOTALTIME=8
[RUNTIME-RELAX-PROTECT]
CALL=1
TOTALTIME=555
[RUNTIME-PROTECTION]
CALL=1
TOTALTIME=9285
[RUNTIME-PRICE-PROTECT]
CALL=0
TOTALTIME=0
[RUNTIME-RELAX-FINAL]
CALL=8
TOTALTIME=9266
[RUNTIME-PRICE-FINAL]
CALL=8
TOTALTIME=1634
[RUNTIME-FINAL]
CALL=1
TOTALTIME=44304
[RUNTIME-MAXWAVE]
CALL=1
TOTALTIME=395
[RUNTIME]
TOTALTIME=65465