
[MAX-ROUTING]
ROUTED-LOGICAL-LINK=172
GAP=0
[ADD-ROUTE]
GAP=12.49999921875005
ADD-CAP=18
ADD-ROUTING=3.174603174603174
[PROTECTION]
MAX-PROTECT-FL=12055
GAP=499999090.5071345
[RESULT]
NEDGE=180
TOTALFL=5
NCONNECT-ISSUES=2.777777777777778
FAIL-PER-LINK=1
ADD-PROTECT=450.2645502645502
PROTECT-RATIO=4.988549618320611
CONFIG-GENERATE=1494
CONFIG-SELECT=180
ZILP=524.0000000003832
GAP=7.313708573057191e-11
MEAN-RESERVE=6.093023255813954
STD-RESERVE=3.987270171190286
NWAVE=18
AVE-WAVE=6.093023255813954
STD-WAVE=3.987270171190286
[RUNTIME-ROOT]
CALL=1
TOTALTIME=0
[RUNTIME-RELAX-ROUTE]
CALL=16
TOTALTIME=8
[RUNTIME-PRICE-ROUTE]
CALL=16
TOTALTIME=1
[RUNTIME-ROUTE]
CALL=1
TOTALTIME=1
[RUNTIME-RELAX-ADD-ROUTE]
CALL=1
TOTALTIME=1
[RUNTIME-PRICE-ADD-ROUTE]
CALL=1
TOTALTIME=0
[RUNTIME-ADD-ROUTE]
CALL=1
TOTALTIME=34
[RUNTIME-RELAX-PROTECT]
CALL=1
TOTALTIME=2346
[RUNTIME-PROTECTION]
CALL=1
TOTALTIME=1876
[RUNTIME-PRICE-PROTECT]
CALL=0
TOTALTIME=0
[RUNTIME-RELAX-FINAL]
CALL=12
TOTALTIME=774
[RUNTIME-PRICE-FINAL]
CALL=11
TOTALTIME=22
[RUNTIME-FINAL]
CALL=1
TOTALTIME=915
[RUNTIME-MAXWAVE]
CALL=1
TOTALTIME=94
[RUNTIME]
TOTALTIME=6082