
[MAX-ROUTING]
ROUTED-LOGICAL-LINK=172
GAP=0
[ADD-ROUTE]
GAP=13.77777679825259
ADD-CAP=16
ADD-ROUTING=2.821869488536155
[PROTECTION]
MAX-PROTECT-FL=9355
GAP=8.003551774891414e-10
[RESULT]
NEDGE=180
TOTALFL=5
NCONNECT-ISSUES=2.777777777777778
FAIL-PER-LINK=1
ADD-PROTECT=591.8871252204585
PROTECT-RATIO=6.488593155893536
CONFIG-GENERATE=1300
CONFIG-SELECT=180
ZILP=525.9999999994959
GAP=0.190476190017362
MEAN-RESERVE=6.116279069767442
STD-RESERVE=4.007024659244623
NWAVE=19
AVE-WAVE=6.116279069767442
STD-WAVE=4.007024659244622
[RUNTIME-ROOT]
CALL=1
TOTALTIME=0
[RUNTIME-RELAX-ROUTE]
CALL=20
TOTALTIME=10
[RUNTIME-PRICE-ROUTE]
CALL=20
TOTALTIME=1
[RUNTIME-ROUTE]
CALL=1
TOTALTIME=1
[RUNTIME-RELAX-ADD-ROUTE]
CALL=2
TOTALTIME=2
[RUNTIME-PRICE-ADD-ROUTE]
CALL=2
TOTALTIME=0
[RUNTIME-ADD-ROUTE]
CALL=1
TOTALTIME=27
[RUNTIME-RELAX-PROTECT]
CALL=5
TOTALTIME=3173
[RUNTIME-PROTECTION]
CALL=1
TOTALTIME=973
[RUNTIME-PRICE-PROTECT]
CALL=4
TOTALTIME=4
[RUNTIME-RELAX-FINAL]
CALL=8
TOTALTIME=480
[RUNTIME-PRICE-FINAL]
CALL=7
TOTALTIME=14
[RUNTIME-FINAL]
CALL=1
TOTALTIME=907
[RUNTIME-MAXWAVE]
CALL=1
TOTALTIME=77
[RUNTIME]
TOTALTIME=5677