
[MAX-ROUTING]
ROUTED-LOGICAL-LINK=222
GAP=0
[ADD-ROUTE]
GAP=2.537652582399418e-14
ADD-CAP=56
ADD-ROUTING=7.810320781032078
[PROTECTION]
MAX-PROTECT-FL=16030
GAP=5000000000
[RESULT]
NEDGE=240
TOTALFL=50
NCONNECT-ISSUES=17.5
FAIL-PER-LINK=1.19047619047619
ADD-PROTECT=1287.308228730823
PROTECT-RATIO=12.94560669456067
CONFIG-GENERATE=1613
CONFIG-SELECT=240
ZILP=716.9999999999955
GAP=0.139664804273592
MEAN-RESERVE=8.337209302325581
STD-RESERVE=7.679041947747277
NWAVE=35
AVE-WAVE=8.337209302325581
STD-WAVE=7.679041947747278
[RUNTIME-ROOT]
CALL=1
TOTALTIME=1
[RUNTIME-RELAX-ROUTE]
CALL=9
TOTALTIME=5
[RUNTIME-PRICE-ROUTE]
CALL=9
TOTALTIME=6
[RUNTIME-ROUTE]
CALL=1
TOTALTIME=1
[RUNTIME-RELAX-ADD-ROUTE]
CALL=3
TOTALTIME=3
[RUNTIME-PRICE-ADD-ROUTE]
CALL=3
TOTALTIME=3
[RUNTIME-ADD-ROUTE]
CALL=1
TOTALTIME=7
[RUNTIME-RELAX-PROTECT]
CALL=1
TOTALTIME=2064
[RUNTIME-PROTECTION]
CALL=1
TOTALTIME=2898
[RUNTIME-PRICE-PROTECT]
CALL=0
TOTALTIME=0
[RUNTIME-RELAX-FINAL]
CALL=8
TOTALTIME=5699
[RUNTIME-PRICE-FINAL]
CALL=7
TOTALTIME=39
[RUNTIME-FINAL]
CALL=1
TOTALTIME=38448
[RUNTIME-MAXWAVE]
CALL=1
TOTALTIME=209
[RUNTIME]
TOTALTIME=49382