
[MAX-ROUTING]
ROUTED-LOGICAL-LINK=222
GAP=0
[ADD-ROUTE]
GAP=2.537652582399418e-14
ADD-CAP=56
ADD-ROUTING=7.810320781032078
[PROTECTION]
MAX-PROTECT-FL=15550
GAP=5000000000
[RESULT]
NEDGE=240
TOTALFL=50
NCONNECT-ISSUES=18.75
FAIL-PER-LINK=1.111111111111111
ADD-PROTECT=1152.998605299861
PROTECT-RATIO=11.56606397774687
CONFIG-GENERATE=1556
CONFIG-SELECT=240
ZILP=718.9999999999999
GAP=0.5594405586580292
MEAN-RESERVE=8.36046511627907
STD-RESERVE=7.733816998420781
NWAVE=35
AVE-WAVE=8.36046511627907
STD-WAVE=7.733816998420776
[RUNTIME-ROOT]
CALL=1
TOTALTIME=1
[RUNTIME-RELAX-ROUTE]
CALL=9
TOTALTIME=6
[RUNTIME-PRICE-ROUTE]
CALL=9
TOTALTIME=6
[RUNTIME-ROUTE]
CALL=1
TOTALTIME=1
[RUNTIME-RELAX-ADD-ROUTE]
CALL=3
TOTALTIME=3
[RUNTIME-PRICE-ADD-ROUTE]
CALL=3
TOTALTIME=3
[RUNTIME-ADD-ROUTE]
CALL=1
TOTALTIME=7
[RUNTIME-RELAX-PROTECT]
CALL=1
TOTALTIME=1697
[RUNTIME-PROTECTION]
CALL=1
TOTALTIME=12364
[RUNTIME-PRICE-PROTECT]
CALL=0
TOTALTIME=0
[RUNTIME-RELAX-FINAL]
CALL=11
TOTALTIME=12258
[RUNTIME-PRICE-FINAL]
CALL=10
TOTALTIME=328
[RUNTIME-FINAL]
CALL=1
TOTALTIME=27296
[RUNTIME-MAXWAVE]
CALL=1
TOTALTIME=340
[RUNTIME]
TOTALTIME=54310