
[INPUT]
STARTCAP=567
ELINK=86
LLINK=180
NFAILURE=58
[ADD-ROUTE]
GAP=0
ADD-CAP=14
ADD-ROUTING=2.469135802469136
[PROTECTION]
MAX-PROTECT-FL=10435
GAP=500000000
SPARE=884
WORK=546
REDUNDANCY=1.619047619047619
ADD-PROTECT=849
ADD-PROTECT-PERCENT=149.7354497354497
FAIL-PER-LINK=1
NCONNECT-ISSUES=2.777777777777778
ADD-ROUTING=14