
[INPUT]
STARTCAP=717
ELINK=86
LLINK=240
NFAILURE=65
[ADD-ROUTE]
GAP=0
ADD-CAP=47
ADD-ROUTING=6.555090655509066
[PROTECTION]
MAX-PROTECT-FL=15600
GAP=0
SPARE=1421
WORK=729
REDUNDANCY=1.949245541838134
ADD-PROTECT=1386
ADD-PROTECT-PERCENT=193.3054393305439
FAIL-PER-LINK=0
NCONNECT-ISSUES=0
ADD-ROUTING=47