
[INPUT]
STARTCAP=567
ELINK=86
LLINK=180
NFAILURE=67
[ADD-ROUTE]
GAP=0
ADD-CAP=14
ADD-ROUTING=2.469135802469136
[PROTECTION]
MAX-PROTECT-FL=12055
GAP=500000000
SPARE=939
WORK=539
REDUNDANCY=1.742115027829314
ADD-PROTECT=897
ADD-PROTECT-PERCENT=158.2010582010582
FAIL-PER-LINK=1
NCONNECT-ISSUES=2.777777777777778
ADD-ROUTING=14