
[INPUT]
STARTCAP=251
ELINK=86
LLINK=70
NFAILURE=43
[ADD-ROUTE]
GAP=0
ADD-CAP=3
ADD-ROUTING=1.195219123505976
[PROTECTION]
MAX-PROTECT-FL=2994
GAP=9.090908471075549
SPARE=320
WORK=227
REDUNDANCY=1.409691629955947
ADD-PROTECT=300
ADD-PROTECT-PERCENT=119.5219123505976
FAIL-PER-LINK=2
NCONNECT-ISSUES=11.42857142857143
ADD-ROUTING=3