
[INPUT]
STARTCAP=717
ELINK=86
LLINK=240
NFAILURE=52
[ADD-ROUTE]
GAP=0
ADD-CAP=47
ADD-ROUTING=6.555090655509066
[PROTECTION]
MAX-PROTECT-FL=12480
GAP=0
SPARE=1096
WORK=727
REDUNDANCY=1.507565337001376
ADD-PROTECT=1062
ADD-PROTECT-PERCENT=148.1171548117155
FAIL-PER-LINK=0
NCONNECT-ISSUES=0
ADD-ROUTING=47