
[MAX-ROUTING]
ROUTED-LOGICAL-LINK=222
GAP=0
[ADD-ROUTE]
GAP=2.537652582399418e-14
ADD-CAP=56
ADD-ROUTING=7.810320781032078
[PROTECTION]
MAX-PROTECT-FL=12430
GAP=5000000000
[RESULT]
NEDGE=240
TOTALFL=50
NCONNECT-ISSUES=18.33333333333333
FAIL-PER-LINK=1.136363636363636
ADD-PROTECT=1097.489539748954
PROTECT-RATIO=11.07692307692308
CONFIG-GENERATE=1428
CONFIG-SELECT=240
ZILP=715
GAP=0.4213483140149603
MEAN-RESERVE=8.313953488372093
STD-RESERVE=7.648166869450025
NWAVE=35
AVE-WAVE=8.313953488372093
STD-WAVE=7.648166869450024
[RUNTIME-ROOT]
CALL=1
TOTALTIME=1
[RUNTIME-RELAX-ROUTE]
CALL=9
TOTALTIME=7
[RUNTIME-PRICE-ROUTE]
CALL=9
TOTALTIME=7
[RUNTIME-ROUTE]
CALL=1
TOTALTIME=1
[RUNTIME-RELAX-ADD-ROUTE]
CALL=3
TOTALTIME=3
[RUNTIME-PRICE-ADD-ROUTE]
CALL=3
TOTALTIME=3
[RUNTIME-ADD-ROUTE]
CALL=1
TOTALTIME=10
[RUNTIME-RELAX-PROTECT]
CALL=1
TOTALTIME=358
[RUNTIME-PROTECTION]
CALL=1
TOTALTIME=9157
[RUNTIME-PRICE-PROTECT]
CALL=0
TOTALTIME=0
[RUNTIME-RELAX-FINAL]
CALL=11
TOTALTIME=5165
[RUNTIME-PRICE-FINAL]
CALL=11
TOTALTIME=54
[RUNTIME-FINAL]
CALL=1
TOTALTIME=13277
[RUNTIME-MAXWAVE]
CALL=1
TOTALTIME=162
[RUNTIME]
TOTALTIME=28206