
[INPUT]
STARTCAP=567
ELINK=86
LLINK=180
NFAILURE=52
[ADD-ROUTE]
GAP=0
ADD-CAP=14
ADD-ROUTING=2.469135802469136
[PROTECTION]
MAX-PROTECT-FL=9355
GAP=500000000
SPARE=753
WORK=539
REDUNDANCY=1.397031539888683
ADD-PROTECT=711
ADD-PROTECT-PERCENT=125.3968253968254
FAIL-PER-LINK=1
NCONNECT-ISSUES=2.777777777777778
ADD-ROUTING=14