
[MAX-ROUTING]
ROUTED-LOGICAL-LINK=174
GAP=0
[ADD-ROUTE]
GAP=3.448275505350779
ADD-CAP=10
ADD-ROUTING=2.197802197802198
[PROTECTION]
MAX-PROTECT-FL=6634
GAP=0