
[INPUT]
STARTCAP=455
ELINK=74
LLINK=180
NFAILURE=47
[ADD-ROUTE]
GAP=0
ADD-CAP=8
ADD-ROUTING=1.758241758241758
[PROTECTION]
MAX-PROTECT-FL=8420
GAP=0
SPARE=491
WORK=418
REDUNDANCY=1.174641148325359
ADD-PROTECT=447
ADD-PROTECT-PERCENT=98.24175824175823
FAIL-PER-LINK=1.538461538461539
NCONNECT-ISSUES=14.44444444444444
ADD-ROUTING=8